-0.50072623
-0.60794448
-0.77764011
-0.6479405
-0.50145217
-0.4253034
-0.29991628
-0.37457662
0.15107355
-0.26683757
-0.24754679
0.093478119
-0.63920824
0.10419754
0.2053515
-0.26320287
0.83892309
-0.23735814
-0.72136982
-0.72533102
-0.50218763
0.030851974
-0.40828672
2.1891649
-0.68240469
-0.23939748
-0.55430487
-0.39736026
0.21241145
0.14704873
0.15764751
-0.096938294
-1.0504536
-1.6552156
-0.54405609
-0.33847385
-0.99913121
-1.192765
0.8795438
-0.78985394
-0.3490227
-1.8189442
1.3535724
0.52168188
1.5230743
1.3139205
1.8439741
1.4768833
1.3818984
2.0507932
0.13123729
1.3287823
-0.94701294
2.2740966
0.31652971
-0.04704043
1.1661361
1.6628477
1.6455046
2.3200644
0.033271443
-0.0014835278
1.0675708
1.2344692
-0.14892335
1.2622804
1.4672119
-0.34719897
0.57897402
0.75268354
-0.43394599
-0.4660399
0.56335497
0.72379281
1.8636269
1.5579326
0.090030362
0.50889083
0.92998023
-0.7014314
1.0041233
-0.58209288
0.78220183
0.98524719
0.36691238
1.9942329
2.0599638
2.2437378
-0.33382792
1.7258059
-0.57786599
-0.046801116
0.80140075
0.92040152
-0.9133579
0.5325403
2.0790814
0.94147081
-0.25894364
1.1856363
-1.6099005
1.2053297
0.29578651
1.5353481
1.6489496
0.96630415
1.3797648
0.74933199
1.2602883
-0.040154951
-0.18254938
0.32139877
0.10117924
1.8087359
1.0527137
-0.30684914
-0.48779252
1.5187122
-0.33813423
0.86062838
0.26280111
-1.307378
-1.1914156
-0.146257
0.87214296
0.74329185
1.461667
0.026461013
-0.088246184
1.2309837
-0.37862234
-1.4398619
0.30411144
-0.4764247
0.67922526
-0.72996593
-0.22419199
-1.027081
0.77953431
0.34205089
0.0035431567
-1.1837955
-1.2622254
-0.74108128
0.2771837
-0.53634977
-1.082376
-1.4799165
-0.72139102
-0.094360135
-0.84317048
-1.1991153
-0.63974157
-0.047004619
-0.38821144
-0.52319873
-0.59527004
-0.80052934
-0.77663024
-1.27382
-0.67657019
-0.98587778
0.23128041
-0.70316126
-0.37748894
-0.80400845
-0.2087581
-0.80742023
-0.54946133
-0.58326064
-0.9435545
-0.43299318
-0.73316454
0.34313613
-0.82585569
-1.1637126
-1.7119974
-0.39504296
-0.85958129
-1.0081672
-0.35891709
0.24727729
-1.0913668
0.50658181
-0.2410557
0.23642074
-0.83171807
-0.78615361
-0.56181527
-0.96351575
1.4318532
-0.38980571
0.027696915
0.39317006
0.2521252
1.2755288
0.56738883
0.073678965
-0.22662986
0.15301142
0.39098867
-0.17906711
-0.50846683
0.56518879
-0.8581057
0.42221857
-0.43411831
-0.75986374
-0.42969899
-0.34616675
-1.3794477
-0.11782811
-1.0722441
-0.32520756
0.66557668
