1.1378956
0.45882085
0.6794689
0.33070314
1.4990511
2.3899366
1.2465827
0.9786349
0.92658268
1.6578536
0.40122626
1.1214363
2.0498691
1.7744566
0.24123485
1.2878315
0.69596831
1.2588199
-0.58934565
-2.7615438
-0.85082319
0.13279396
-4.7903399
-4.8218255
-0.60890395
1.4922964
-5.3607488
-0.022424814
2.1149
0.56622497
1.6535454
-2.8522832
-3.0580924
1.6186839
0.61333195
0.58747133
-1.0021292
1.1224757
1.0520596
1.1255378
-1.4877696
-1.8225232
0.027343907
-3.5977132
-3.0318947
-1.1751482
0.42313813
-2.3507596
-1.2334214
-1.0244531
-1.128801
1.1874118
-1.0152044
-0.61027512
1.5007058
2.2680016
-0.7160885
1.1136346
0.62752153
1.507866
-0.11444239
-4.6568569
0.3071942
-2.5206371
1.0949731
-0.52307145
-3.2034074
0.42944014
0.64690006
-0.59641254
-0.93922864
-3.1153167
-3.1635883
-2.9459322
0.46306205
0.4375082
1.3808865
-0.79192718
-3.2627759
0.98404012
2.2368091
-1.9936623
-4.0907378
1.0926912
0.97651724
-0.20213716
-2.4286743
-4.1089698
0.52988866
1.7181088
0.54237156
-3.8511877
-3.0335837
0.33224137
2.3322329
0.42930358
0.736007
-3.1155484
-1.4553484
-1.6463994
-2.6735858
0.97322305
0.95437615
-1.1179431
-3.6193181
0.60300725
1.4016269
-1.6114137
1.007575
1.7106812
1.0435705
-2.1035406
-3.4290474
-0.074491878
-0.61399659
-3.5388921
-3.3559483
1.1626985
-1.4618483
-1.0483715
-0.09523532
-1.6593593
-3.0217557
1.9719268
-1.3143987
-2.4348726
0.62473514
0.81453252
0.032062094
0.96726375
-0.02838506
0.67383512
-1.8053455
-0.71234613
-0.005225231
-3.0219492
-0.18730234
0.58858392
-3.3242746
-0.32876083
0.26274589
2.8596581
0.26396743
-2.7715168
1.1937164
-2.0355041
0.83965928
-0.150459
-3.4010458
0.99114059
-2.2306936
-0.85892999
-1.9356579
-0.78972954
-3.7889862
1.0221376
0.41140018
1.9533546
-0.61950417
0.93792002
-0.096081763
-3.1449894
1.0044629
-2.310497
-3.1017366
-1.3699176
-0.084439758
0.36892284
-0.063522168
-0.86606142
0.096372377
-0.60865645
0.41160109
-2.0614418
-2.4943592
-2.5666999
-2.3360477
1.4829816
-2.750155
-2.9441233
-1.487173
-2.2425069
-2.5794907
-1.0501291
-2.3414139
0.22535686
-1.2187437
2.1608437
-2.9784438
-3.8145932
1.1758068
-3.4765362
1.1581072
-0.24946758
-0.817859
1.0007143
-0.62902186
1.2085226
0.33461205
-3.1022069
1.713288
0.44053975
0.33893745
1.0438411
1.0855032
1.8146499
-3.6378848
-4.0315534
0.057598356
0.63174254
-2.7546129
-0.26233938
-3.4145002
1.3896811
-1.3620768
0.69391958
-0.30937965
1.139443
0.53720309
0.24482076
1.2117529
1.1785511
-0.60842642
0.010354619
-3.0208249
0.63769878
0.80167074
-1.2204532
-1.4110366
0.40795782
0.64713069
1.5081321
1.10383
-0.82210124
-2.7642934
1.2462219
0.91603697
0.028723596
0.28302256
1.0565555
0.98735275
-2.8009293
-2.2255525
-2.649479
-2.8113936
3.0149285
1.9479084
-5.6586065
-3.436097
0.66176778
0.52902179
-3.3213305
-0.5977121
-2.8707689
0.55959566
-1.5905885
-2.5786748
-0.6202686
-2.6406523
-1.2140302
1.1588201
-2.8975683
1.0672047
-1.1484705
-0.48437814
-0.66954605
-2.7626162
-1.942222
-0.43547605
2.1190912
-0.64118963
-0.78529372
-1.4606138
1.6973862
-2.4422951
-0.3329789
-1.7748391
-3.2577161
1.315262
1.0075992
0.39760654
1.5583716
-0.60202763
0.97491997
0.99828011
-0.90069627
-0.47344788
-1.3305381
-1.4987509
-0.98678873
0.25380062
-0.66921577
0.48587339
-0.35085715
-1.0994395
-3.0464034
-2.0522365
0.18149555
0.32821577
-1.7042065
-1.016235
0.5496193
-0.33674614
-2.9905901
-0.93472395
-3.0818271
0.73687421
-0.46744327
-2.6547902
-2.0016048
-0.29096975
-0.80868299
-3.5135578
-0.41644176
0.16913869
0.24547267
-0.50647412
-0.0034915216
-1.894149
-4.8425702
-0.58807311
0.10214151
-1.7282104
-1.1140268
-0.60031146
1.4392473
1.1818393
1.4277885
1.2750848
0.75599706
-1.110577
1.6724668
-1.2386155
1.4657431
0.69495291
-2.0725707
-1.0088204
0.37661345
1.0810712
1.2063153
1.0441197
0.024740104
0.63991239
-0.34449327
1.0709275
1.61083
0.63485788
-0.97091095
1.5424351
1.1314024
-1.5878595
1.1698472
-0.07067433
-2.107441
1.2802941
0.98774026
1.0698606
0.9093496
0.069032269
1.3451117
-2.4678209
0.49488341
-0.16967188
-1.7763941
1.441156
-0.96048457
1.1828037
