-0.38466316
-0.39261826
-0.43980302
-0.28574251
-0.47025969
-0.30579677
-0.17694551
-0.21519817
-0.59786012
-0.38067832
-0.36321779
-0.34650175
-0.45110756
-0.37360226
-0.44987648
-0.34188125
-0.38522034
-0.60747276
-0.32138871
-0.41696202
-0.40859938
-0.29992879
-0.38794744
-0.32786807
-0.34669212
-0.38511625
-0.37719543
-0.45220018
-0.47544537
-0.49478385
-0.52032422
-0.37543738
-0.41585664
-0.36224786
-0.36128996
-0.50911477
-0.37645753
-0.54217282
-0.68681163
-0.48886177
-0.4838185
-0.36090078
-0.42676463
-0.38142157
-0.57264014
-0.37426961
-0.42403243
-0.49707131
-0.54884313
-0.49588917
-0.52849984
-0.40465309
-0.47564981
-0.36921141
-0.22284252
-0.41974592
-0.63738309
-0.36471575
-0.35843676
-0.35726757
-0.36279727
-0.38159458
-0.40882634
-0.39589787
-0.34329709
-0.37458849
-0.36932356
-0.64312634
-0.36090571
-0.42019576
-0.3729668
-0.37655283
-0.40031993
-0.62456553
-0.3656469
-0.38335135
-0.14132375
-0.36848737
-0.37820796
-0.40047903
-0.51033199
-0.40526593
-0.36497026
-0.57189331
-0.10263908
-0.3551688
-0.38889283
-0.37355511
-0.39810499
-0.38675998
-0.33850428
-0.38777967
-0.64470361
-0.44106717
-0.3811082
-0.45860125
-0.51749704
-0.34841166
-0.37129794
-0.37790767
-0.36688696
-0.38022689
-0.086299696
-0.46514631
-0.37822957
-0.38936728
0.013711251
-0.38413817
-0.4651762
-0.37053839
-0.48753026
-0.54899913
-0.37610518
-0.38736569
-0.44427166
-0.55301074
-0.44969796
-0.38430413
-0.37777361
-0.37769292
-0.42669275
-0.46748357
-0.40893202
-0.3532175
-0.44812999
0.36086806
-0.42489894
-0.38559179
-0.18431932
-0.54115905
-0.41891823
-0.17723923
-0.4955517
-0.4312188
-0.52426889
-0.628081
-0.41516785
-0.62925862
-0.45792318
-0.40278061
-0.38392175
0.8898423
0.5143746
-0.30078664
0.81404458
0.044632441
0.67566546
0.38684211
0.31466928
-0.5929473
-0.63449814
-0.39883267
-0.61219695
-0.99156687
-0.65104942
-0.84402847
-0.76933551
-0.48661853
0.17035429
1.0381873
-0.4237504
-0.86575485
0.73138302
0.46293345
0.022231177
0.71041698
0.86067495
-0.94761097
-0.88607316
-0.20008848
-0.27438992
-0.73969667
1.0953535
0.076401517
0.31072451
0.50399554
-0.7149991
-0.62414576
-0.13273026
0.53087194
-0.096836421
-0.52960581
-0.41557419
-0.02693041
0.016766832
0.02888519
0.11666773
-0.47742014
-0.97293931
0.69138954
0.21202933
-0.48814516
-0.16678909
-0.67209848
-0.23906613
-0.88921863
-0.018094731
0.24588068
-0.60288538
-0.41312981
-0.25783567
-0.71201476
-0.80350114
0.57977578
0.85012608
0.72081407
1.3916233
0.3641028
0.83572036
-0.47009945
-0.44665732
-0.86215382
1.1186168
0.42024823
-0.50152898
0.73082781
0.31164732
-0.020957838
-0.77906158
-0.79522744
-0.53550158
0.074020112
-0.4205908
0.18558421
0.088675783
0.038027468
0.64009542
0.99519665
1.237331
0.38279745
-0.48338106
-0.25998084
-0.91069089
-0.17935353
0.63482733
0.22954888
-0.77602812
-0.57336298
1.0507737
-0.85749522
0.29525032
-0.076928715
-0.53050744
-0.26386844
-0.52797768
0.20721857
0.051988423
0.83332374
-0.48529086
-0.6664397
0.24937344
0.58598034
0.60207114
-0.6755718
1.0349471
-0.24347513
0.51314566
-0.32202501
0.72226199
-0.4543903
-0.42425196
-0.69235129
0.25118405
-0.55238212
-0.049499854
0.66192729
-0.010557583
0.46591843
-0.62471115
-0.50335194
0.46617471
0.45820698
0.60325159
-0.52208355
0.013370575
1.0118515
-0.8764385
-0.43877375
-0.72204012
0.062508353
-0.23273634
-0.37924834
-0.44257646
1.0829959
0.023764745
-0.30373188
-0.28993562
-0.59347927
0.60088552
0.28583673
0.9606677
-0.33688879
-0.49875991
0.95503393
-0.56436683
-0.1013324
0.56954473
0.4831826
-0.57666077
-0.40435618
-0.48120523
0.64667184
-0.18081744
-0.80786525
-0.87326816
0.66699965
-0.53999193
-0.86205177
0.44358099
-0.27223191
-0.84422681
-0.39088866
0.094335454
-0.44016155
-0.39131745
-0.92694649
0.21594928
-0.19688413
0.35335513
-0.028796437
0.45673324
-0.89594299
0.36217321
-0.62288748
-0.97003288
-0.83009667
-0.97119828
-0.43244961
0.54582814
0.089735946
-0.39937875
-0.35364574
0.84202935
-0.7076334
-0.89678814
0.16098411
1.2372451
0.89257651
0.74670206
0.31423367
-0.22259272
-0.64894249
-0.49015663
-0.18158934
-0.4924077
1.1018886
-0.38195393
