-0.47120566
-0.48635714
-0.63268413
-0.32565695
-0.39715275
-0.54407986
-0.59938104
-0.62194062
-0.83201586
-1.1355789
-0.53917446
-0.060412684
-1.0003576
-0.26422345
-0.20777918
-0.21243726
-0.35282772
-0.55032118
-0.48138064
-0.26840372
-1.0936246
-0.48226598
-0.42800837
-0.58611418
-0.010874028
-0.3332683
-0.43394842
-0.29059974
-0.73194062
-0.6056927
-0.33238891
-0.26170754
0.36329837
-0.0090381922
-0.27681959
-0.30471568
-0.10179371
-0.14178698
-0.27263504
-0.1758553
-0.66118732
-0.51141996
-0.27230873
-0.26074195
-0.85577422
-0.52868211
-0.33294114
-0.33038889
-0.6119915
-0.88055633
-0.53863049
-0.3008945
-0.33550378
-0.12955208
-0.36001494
-0.53297235
0.14217277
-0.54404177
-0.31820163
-0.06315083
-0.4061768
-0.15942522
0.045657161
-0.40258502
-0.43850619
-0.475674
-0.41518311
-0.8026992
-0.20946827
-0.5178784
-0.063025156
0.087677844
-0.86105057
-0.55029584
-2.9949517
-0.37356287
-0.34721443
-2.877827
-1.1464403
-1.7797384
-0.69916396
-1.1404385
-0.80465398
0.66282822
-1.4940368
-0.35305255
0.23541717
-0.64557401
0.18529624
-1.0418217
-1.130685
-0.92508617
-0.090632309
-0.79403062
-2.2432327
-0.15210715
0.98941545
-1.2645637
-1.3129553
-0.92063343
-0.28825491
-0.39319419
-1.1526699
-1.2477293
0.8002151
-0.51862486
-0.16665988
-1.2631901
-0.49512871
-0.97508144
-0.94845488
-0.91924498
-0.22056056
-1.2172822
-1.3543552
-1.3794917
-0.3667099
0.055598835
-1.1445251
-1.4604974
-0.50759027
-1.2942397
-1.1373674
-0.98575386
-1.6393799
-0.05334104
-0.89122435
-1.4734015
0.48237946
0.73802535
-0.57297003
-1.5786509
-0.22950183
-0.44165118
0.29625077
0.057374429
-0.23652562
-0.50349293
-0.31822061
-1.0887995
-0.33189443
0.14487706
1.1710241
-1.0621514
0.35186577
1.3479834
-0.41230988
0.20022196
-0.2868476
0.71491027
-0.71048331
-1.3355407
-0.16189053
0.39023346
0.46824711
0.25128091
-1.3180375
-0.16515665
-0.20667163
0.039366718
-0.38332288
0.28620703
-0.93848443
0.46522708
-0.52316635
-0.16165165
-0.021447243
-0.34321704
0.20289049
-1.2377604
0.25413895
-0.34055826
-0.32525334
-1.264895
-1.0614963
-1.2454963
-1.9191986
-0.41057737
-0.11085008
-1.1439782
-0.73493979
-0.036875409
-0.93861758
-0.38653572
-0.71754983
-0.75643117
-0.89973925
-0.76113856
0.17607072
-0.46901425
0.17905598
-0.65771056
-0.63129988
-0.72468769
-1.4329949
0.41296336
0.067722933
-0.91742869
-0.90767413
-1.2814214
-0.27848541
-0.58719084
0.022025733
0.24693743
-0.096765452
0.35131838
-0.46955102
0.31805567
-1.2255887
-0.3127089
-0.32946939
-0.31718627
-0.32966064
-0.24573053
0.048792931
0.092548992
-0.85640042
-0.2064
0.40061876
-2.2583143
-0.94725297
-1.0869426
-0.038608412
-1.7420173
0.026872364
-0.90242197
-0.40775308
-0.53935784
-0.48426426
0.44421166
-0.41946257
-0.94306048
-1.023339
-1.3349097
0.00015415132
-0.82220226
0.43060506
-1.8048229
-0.40398912
-0.7482677
-0.37045289
-2.9124453
-0.51387874
-0.66499871
-0.27510109
-0.17188321
-0.69624136
-0.84225206
-1.0786982
-2.0153577
-0.45757522
0.86737908
0.24230614
-1.5180246
-1.2118768
-0.22109381
-0.74518986
0.24182062
-0.72280098
1.428822
-2.2887116
-0.70034649
0.60199948
-1.0254163
-0.62260961
-0.4296496
-0.88416951
-0.69520599
-1.1570251
-2.2565004
-0.81410369
-0.44555831
-0.57449349
-0.743956
-1.0232493
0.21228982
-0.66463819
-1.0475294
-0.31602367
-1.3266959
0.026448439
-0.90164776
-0.48066769
0.086897103
2.7990468
-0.56701713
-0.80596439
0.21904836
-0.3688265
-0.6706694
-1.2042653
-1.835712
-1.1512141
-0.38446755
-0.88484228
-0.46545602
-1.61925
-0.6036748
-2.4757532
-1.4339669
-1.0531227
-0.60202829
0.13699329
0.3642229
-1.2390247
-0.99452376
-0.95346174
-0.29223844
1.2006989
-0.268249
-0.54832569
0.20105167
-1.3237822
0.67972875
-0.17906662
-1.1512543
-0.15723795
-0.94043678
0.7279715
-0.67180361
0.28707858
0.25652552
0.28907347
-0.98243517
-0.79063218
-0.0079359707
-1.6438416
-0.64902001
0.24471333
-0.76359279
-0.90777017
-0.4961375
-1.0073581
-0.93040516
-1.3781162
-0.93749097
-0.87340559
-1.5730706
0.81880351
-0.45699812
-0.59588772
-0.59909418
-0.15501184
-0.31934934
0.39667124
-0.88330451
-0.60226923
1.2243494
-1.117172
-0.79365827
-0.68905865
-1.0938349
-0.64965133
1.2564141
-0.86014752
-0.69134034
-1.1456805
0.77786831
-0.62877841
-0.3871415
-0.52215617
-0.397906
-0.5361095
-1.4934398
-1.1751585
-1.1535097
-0.13578477
-1.3875342
-0.78098102
-0.70040676
-1.4065481
-0.75974091
-0.66005042
-0.58243228
-0.36680587
-1.1955095
-0.90727858
-1.0205993
-0.62104213
-0.61337449
-0.74640674
-0.6716614
-1.0059166
-0.75566167
-1.0143755
-0.51006621
-2.2283025
-0.73504538
-0.54665371
0.18437703
-0.25489342
-1.1354784
-1.2285271
-1.1883905
-0.81291756
-0.08364172
-0.84550003
-0.36562264
-1.98715
-0.3979816
-0.49557256
0.37562548
-0.98472391
-0.69405118
-0.81658943
-0.61550578
-3.3434264
1.2822374
0.47070627
-0.82892036
-0.42880152
-1.1012214
-1.2118634
-0.75519183
-0.68966877
-0.81724311
-0.041443618
-0.84508799
-0.77930563
-0.57289803
-0.66162106
-0.1685064
-1.314944
-0.99977573
-0.96096098
0.20509249
-1.3933158
-1.2158243
-0.68521954
0.014950321
-1.1614904
-0.99998139
-0.78992226
-0.89278332
0.35191499
-0.18720386
0.80179347
-0.89245545
0.37153268
-0.46169617
0.28269144
-0.99994158
0.76013109
-0.35345274
-1.1573223
-0.98386404
-1.1861299
-0.73312107
-0.99666548
-0.37195123
-0.50931985
-0.88545274
-0.62292254
-0.86305648
-0.31139679
-0.082814158
-0.21346242
-1.0002113
-0.74360145
-0.84260949
-0.69544052
-0.58007724
-0.89832767
-0.94263919
1.1910733
-1.0978366
-0.41870168
-1.1271262
0.64009993
-0.46640516
-0.95636298
-0.52667115
-1.122764
0.31437241
-0.91047391
-0.29465909
-0.90159037
-0.18534147
-0.50106815
-0.57880788
-1.2339259
-1.0005748
-1.2242294
-1.0908739
-0.76468458
-0.20648305
-1.0002475
-0.88445369
-0.24803735
-0.52872511
-1.0492811
0.024744069
0.40579903
-0.69793524
-0.55176692
-1.0131144
0.034482859
-0.78712778
-0.68128794
-0.76776372
-1.1657687
-1.1367375
-0.10917091
-0.95932407
0.81044165
-1.169322
-1.4702784
-0.60667928
-0.55939726
-0.69524775
-1.4698864
-1.0788289
-0.58587441
0.24208188
-0.94403234
-1.5273221
-0.58003902
-1.3474828
-0.9400579
-0.31178729
-1.0745121
-0.65408009
-0.15910116
0.34232525
-0.60209521
-0.80408136
-0.48578627
-0.29144345
-1.0019489
-1.2662568
-1.2947503
-0.51525432
-1.7899317
-1.4725879
0.1756769
-1.5805125
-0.3560352
-0.99921508
-0.67062931
-0.92759248
-0.82374599
-0.95844544
-0.12996212
-1.0002017
0.6125552
-0.49133268
-0.51802015
-1.1433535
-0.36437504
-0.19645475
-0.878394
1.0580075
0.53111039
-0.21589162
-0.86264072
1.4643743
0.44290429
0.52519543
-0.25965485
-0.94042041
-0.80016112
1.7721525
-0.48172829
-0.43679187
-0.77462739
-0.78802522
0.78565532
2.0726934
-0.58521473
0.17560947
-1.0952585
0.68779059
-1.180739
-0.16012056
-0.51480573
-0.19721913
-0.71799285
-1.028625
0.022932015
-0.42681717
-1.1884504
-1.0256793
-0.74936642
-0.087246307
-0.85918537
-0.66444643
-0.96548354
-0.80274415
-0.7956416
-1.0825292
-1.0771899
0.33882024
0.26293565
-1.3326444
-1.0437982
-0.37693696
0.24725649
0.47304325
0.28541376
-0.32891072
-0.097580914
0.80420816
-0.76382466
-0.58538611
-0.2273638
-0.67835467
0.084624548
0.34237152
-0.373557
0.63939817
-0.84117563
-0.44859238
-0.92941398
-0.89046404
-0.28809154
-1.1533247
-1.0603579
-0.68090661
-0.60659577
-1.09296
-1.0654803
-0.043581372
2.0525862
-0.96757347
1.0633101
-0.046908213
-0.71092419
-0.76875594
-0.48753317
-1.2639152
-0.67222164
-1.1067597
-0.48012733
-0.81296274
-0.83970144
1.0167695
-1.20367
0.40437746
-1.0365716
-0.077318652
-0.47120531
-0.88773119
-0.15378052
-0.88281015
-1.0654547
-0.95342351
0.27371553
-0.55448391
-0.27914043
-0.96735794
-0.61072802
-1.2156044
-0.90975105
0.64300879
-0.75242783
-1.0084452
-1.3753838
-1.0518408
-0.15671631
-0.70241308
-1.1275397
-0.19613534
-0.72921998
-0.60596133
0.66750637
-0.26655134
-0.72651807
0.84086264
-0.980831
-0.32855586
-0.91074579
-0.8147594
-0.57127241
-1.1479551
-1.1599013
-1.2592633
-0.44288723
-0.49211817
-1.1535691
-0.17110198
-0.52783199
-1.0651326
-0.97624361
-0.48632319
-1.1921578
-1.212265
-0.84125311
-1.0282428
-0.4241891
-1.0237494
-1.0991082
-1.2870991
-1.1099825
-0.75431843
0.47304192
-0.13406916
-1.0711426
-1.0995669
0.10594206
-0.79814842
-0.47749668
-0.49610893
-0.9287126
-0.89472384
0.7155123
-0.65938468
-0.43103138
-1.192529
-1.3554172
-0.98736349
-0.68524051
-0.49362509
-0.51577989
-0.4997337
-1.1379781
-0.32783352
-0.63949912
-0.62639094
-1.2621659
-0.93246281
-0.98735017
-1.2498928
-0.77822083
-0.82725691
-0.57220239
0.021370002
-1.348882
-1.5043316
-1.315103
-1.1963201
-1.3624643
-0.7869964
-0.96414675
0.20036619
-1.0587905
-0.53579208
-0.7181255
-0.78491727
0.0082365156
-0.27231847
-0.87277727
-0.85384958
-1.1203202
-1.4866366
-1.1518968
-0.35364005
-1.7379878
-0.96604294
-0.22244385
-0.39151093
-0.33843874
0.37597824
-0.99979886
-0.73393803
-0.59690171
-1.3481017
-0.34431123
-0.97563443
-1.0688301
-0.022852188
-1.0546298
-0.78616876
-1.0126974
-0.6859443
-0.99038332
-1.0694607
-0.20225703
-0.60325945
-1.6264215
-0.50471376
-0.17335719
-1.0358571
-0.75760038
-0.82660883
-1.1395459
-0.78708806
-1.3898559
-0.77952466
-1.9694228
-1.5527624
-1.3133695
-1.1600562
-0.75426489
-0.35842031
-1.2801819
-0.76802185
-0.77348721
-1.0022078
-0.8088612
-0.75855678
-0.87127324
-1.3408373
-0.99933772
-0.17941303
-0.59887786
-0.7293203
-0.99350084
-1.247495
-0.90972995
-1.1635085
-0.8686284
-0.3705815
-1.6050539
-0.42924642
-1.6296144
-0.49728449
-0.89531959
-0.72919615
-1.0562095
-1.3589679
-0.79865713
-0.50021585
-0.62612737
-1.5979216
-0.47277193
-0.91624116
-0.31010408
-1.1629879
-0.40133002
-0.8764075
-0.96494633
-0.99976855
-1.0033087
-0.80169254
-0.66301794
-0.32914067
-0.63720879
-1.2115299
-1.4487012
-0.55593769
-1.1429943
-0.99927535
-1.1732729
-0.97343074
-1.3294665
-0.90963721
-0.66134786
-1.0278074
-1.3977673
-0.91444089
-0.97946888
-0.87968329
-1.1782943
-0.68199669
-1.0001728
-0.35090729
-0.71229296
-0.46276596
-1.318342
-0.95914836
-0.99902322
-1.0589814
-0.5553082
-0.96415513
-0.052650197
-0.69166472
-0.95246531
-1.2223846
-0.43034921
-0.59675209
-0.50556035
-0.74717986
-1.1079037
-0.66723985
-1.0777674
-0.65567884
-0.8041205
-1.1448397
-1.2788658
-1.3921506
-1.5816532
-0.36421719
-1.2491699
-0.055506962
-1.5750977
-0.88957199
-1.146672
-0.98313774
0.23650387
0.1128393
0.060568575
-1.2045815
-0.5532106
-0.67992393
-0.49755527
-1.1937157
-0.39221107
-1.5959157
-1.4962282
-0.69731447
-0.78240142
0.33541568
-1.2630326
0.067701546
-1.3640922
0.32113493
-0.60145095
-0.72163621
-0.90630374
-1.9139193
-0.84743063
-0.44494156
-0.73118556
-0.49476604
-0.31884675
-0.94511004
-0.74152915
-0.81710118
-1.2404104
-1.1371347
-1.1095761
-1.0531488
-1.0003693
-0.074122838
-1.097658
-0.82565417
-0.81307067
-0.91447537
-0.97853475
-1.2337017
-0.97241577
-0.15675093
-1.1725696
-0.51821011
-0.32565882
0.05218796
-0.77305416
0.15834242
-0.4957907
-1.389635
-0.84743191
-0.28573438
-1.3935058
-0.47132301
-0.36823913
-0.81045049
-0.18179636
-1.4698091
-1.0261982
-0.81095522
-0.66854987
-0.70944807
-0.54689094
-1.1728634
-1.0209213
-0.11347069
-0.76577912
0.21584997
-0.35976661
-0.055822717
-0.96471873
0.69385107
-1.2232866
0.033950026
-0.69367667
-1.363875
-0.68953223
-1.1760445
-0.86417832
-1.0438416
-0.62180624
-0.72317526
-1.361864
-0.90456608
-0.25954907
-0.37482781
-0.67743905
-0.85028644
-1.0960845
-0.99827092
-1.0947553
-0.5915491
0.37711009
-0.60695854
-0.86997725
-0.84749849
-0.81197032
-0.50750021
-0.61284069
0.62522074
-0.54087148
-1.2338054
-0.55259916
-1.1287017
-1.2509125
-0.82142334
-0.24656932
-1.2290389
-0.72982421
-0.55610781
-0.58523814
-0.72899352
-0.31558495
-0.6425579
-0.76821999
-1.0607502
-0.96836909
-0.3250237
-0.083166963
-0.51305127
-0.72364683
-0.89697171
-0.7554812
-1.1718251
-1.2702928
-1.2026325
-1.4004257
-0.30503199
-1.0314428
-0.98271911
-1.1785898
-1.3835047
-0.67146311
-1.3713434
-0.83363343
-0.75804167
-1.1299195
-1.0679652
-0.64127096
-0.60675323
-0.68449642
-0.83417102
-0.55354482
-0.87323039
-0.96534447
0.15701152
0.25218053
-1.4401969
-0.46600115
-1.087855
-0.12028793
-0.85680698
-0.136598
-0.65124994
-0.7330207
-0.28491936
-0.70642581
-0.89254341
-0.039857432
-1.5882501
-0.46832568
-0.2883275
-0.97674197
-0.48681496
-0.85418559
-0.82336518
-1.5352522
-2.1268693
-1.4030156
-1.3275145
-1.1047688
-0.28781535
-1.183147
-0.57745964
-0.98435988
-0.41338034
-1.0451513
-1.2693217
-0.96129884
-1.4652666
-1.0284694
-0.7336803
-0.25684322
-0.58680806
-1.1377998
-0.39696097
-0.35324217
-1.0211674
-0.2909123
-0.56162594
-0.53959576
-0.72946528
-1.8423082
-0.94775075
-1.6128166
-1.084182
-0.88252898
-0.21928111
-1.1563015
-0.93893562
-1.3019645
-0.74163679
-0.26534724
-0.67524351
-1.0364514
-1.6153849
-0.90893767
-0.73940921
-0.83305097
-0.61870335
-0.66864806
-1.3508857
-0.7074958
-0.94911021
-0.73575273
-0.52235725
-1.0396731
-1.4181018
-0.9853495
-0.45475728
-0.24672098
-0.84046846
-1.9639592
-1.0241959
-0.97749194
-0.68422253
-1.0342079
-0.6674306
-1.1233013
-0.80970204
-0.85825781
-0.0048355014
0.049925717
-1.0280575
-0.14833339
-0.2640061
-1.2992922
-0.44098673
-0.80341058
-1.0469082
-0.86281114
-1.0016082
-0.34125533
0.24525791
-0.58407951
-0.48430766
-0.52021755
-1.6509146
-0.80882336
-0.29771042
-1.0867529
-0.055227403
-0.40176058
-0.78245346
-1.1054422
-1.273356
0.26657279
-1.2360403
-0.30154252
-0.086447518
0.44067785
0.19643113
-1.0593322
-1.4226328
-0.70106464
1.2360106
-1.1155116
-0.97652744
-0.26362559
-0.75055168
