0.31403583
0.39913641
0.30315191
0.82800872
0.3697478
0.49468806
0.39789233
0.76261805
-0.22385986
0.15011788
0.1757563
0.2031842
0.024455287
0.2089
0.076312472
0.18445925
0.10738843
0.017949602
0.14227702
0.29581493
0.15688795
0.29816611
0.12547237
0.085609015
0.39193353
-0.070323656
0.17013566
-0.0010182755
0.032658675
0.45962868
-0.16320881
0.61181203
0.3857773
0.24279481
0.23413667
-0.035350792
0.21290619
0.75724167
-0.45240639
0.36214605
-0.10407165
0.18570037
0.32075943
0.21126071
-0.2435054
0.21351825
0.50175153
0.42681691
-0.34416993
-0.18362775
-0.1061423
0.16987691
0.59661029
0.17344451
0.52612853
0.11103008
-0.33216832
0.18535459
-0.054646723
0.22185148
0.17166521
0.20749457
0.44465458
0.28894321
0.32588863
0.19574006
0.20682929
-0.48097696
0.21856727
0.14123924
0.21891786
0.17270875
0.045136731
-0.4544884
0.23814186
0.22026692
0.30466698
0.54898178
0.21558731
0.17707385
0.15592562
0.34781818
0.48316755
0.32893266
0.17754628
0.20943722
0.15360295
0.093591442
0.18740536
-0.40781932
0.17852658
0.1674355
-0.3467378
0.020056019
0.21910938
0.64778776
-0.13076498
0.21670089
0.21544972
0.21707609
0.20623569
0.21421401
-0.68186592
-0.29277543
0.88657194
0.1867258
-0.2524488
0.21594686
0.23892368
0.21279918
-0.032028139
-0.10854335
0.2052463
0.21325315
0.083453949
-0.12128945
0.070940061
0.2024175
0.21357017
0.20834097
0.26796362
0.6205243
0.16122293
0.19670005
-0.46630078
-0.057514348
0.13080864
0.13711933
1.0762818
0.29759147
0.14784689
0.28610072
0.31295113
0.35423666
-0.11704601
-0.41267189
0.13347869
-0.31295947
0.21736629
0.46919173
0.3506697
-0.047865705
0.35998936
0.32138366
-0.32465304
0.22969317
0.056982266
0.24393605
-0.2648748
-0.13386198
-0.17515306
0.25760571
0.34418687
-0.72982103
-0.087763732
-0.010081594
0.061173907
0.2085924
0.006809591
-0.23841359
0.28525498
-0.22649566
-0.35076749
0.29656647
0.14477575
-0.30454657
-0.267789
-0.084512659
-0.22797473
0.17783532
0.13891582
0.090042918
0.08288095
0.19307314
0.18386767
-0.3312925
0.15514646
0.03343574
0.55944923
0.12823035
0.42759184
0.10097711
0.60528005
0.17941254
0.32269933
-0.054201171
0.61389766
0.34193901
-0.48008112
-0.01471077
0.1882964
0.15912534
0.34820892
0.042681424
0.23936575
-0.24349163
0.463294
0.015881512
0.068216871
0.49475494
0.43597478
-0.26688715
-0.18583945
0.27080578
-0.31228282
-0.23170659
-0.68089916
0.29705991
0.10038642
0.20617121
0.24897091
-0.18451347
-0.21786431
0.096040883
0.45135857
0.55234848
0.46153221
0.32094618
-0.037239255
0.24068886
0.20244057
0.1740547
0.35629116
0.28838364
0.056920201
0.10901205
-0.079339082
-0.2087744
-0.3413604
0.015454425
0.33992995
0.28458512
-0.086419129
-0.017685277
0.41018535
0.13123934
-0.31085197
0.6068008
-0.14528509
-0.24735704
0.49794207
0.49395139
0.30397969
0.28722985
0.12473182
0.2321624
0.20717198
-0.027421838
0.20964471
-0.13720103
0.063826953
0.17040217
-0.15601191
-0.025057828
-0.25603855
0.39649265
-0.1128343
0.18415031
-0.31944217
0.17563239
0.39180366
0.036228992
0.31209822
0.18611053
0.11539936
-0.015416851
0.26734155
-0.10658544
0.24219205
0.40148106
-0.41878996
0.27076342
0.045290316
0.0084455542
0.56066287
-0.37881728
0.049690616
0.79283234
0.094551064
0.15735363
0.36049513
0.22324657
0.67536673
-0.19558795
0.38202743
0.46121301
0.30629172
0.47568759
0.075885095
-0.010918558
-0.1489524
0.16984627
0.17969527
-0.37538942
0.44342189
0.18848349
-0.22016284
0.1916523
0.25539546
0.72826157
0.23610701
-0.077858715
0.27688922
-0.26362301
-0.12587716
0.2155077
0.19829044
0.10201094
0.32703932
0.16747035
-0.32670711
0.16556987
0.14773539
0.30769457
0.19975498
-0.35315033
0.46396375
0.076701057
-0.038903881
0.33356929
0.49797533
-0.57477114
-0.53259404
0.096425951
-0.1045848
0.047100521
-0.84240676
0.22780117
-0.16953528
0.22387632
0.41050174
0.44321836
-0.21246411
0.02476332
0.017718658
0.32115777
0.020812538
-0.066112934
-0.06984149
0.57374108
0.20792652
-0.011453767
0.1331424
0.42419545
0.46696468
-0.16974369
0.48941207
