0.83336586
1.1603372
0.24422551
0.53958964
0.98164977
-0.021719714
0.42855514
-0.072432858
0.54641163
0.9991321
0.20734997
0.49772355
0.43763382
0.45538925
0.69528701
0.49417735
1.0002662
0.086475828
0.013746441
0.78612696
-0.24433731
1
0.12538076
1
0.34836569
0.99948422
1.0001814
1.8624853
1.1088113
0.67585133
0.065020115
0.23766891
1.5521379
0.74412248
1.0042161
0.48247207
1.2349774
0.014038837
0.35336662
0.90230525
-0.1469676
0.45025657
0.71206952
0.24288278
0.1181095
0.22161851
0.040140031
-0.0080699055
0.1144997
0.78792139
0.024336306
1.5770886
0.99906873
0.13818124
0.51820309
0.84872069
0.57012562
0.39789526
0.27108914
