-0.65096167
0.66648197
-4.1978692
0.70834029
0.76675107
0.71421513
0.35575646
0.59596155
0.89019028
0.87345531
0.65215113
0.52081083
-5.4945381
0.75848931
0.88630156
0.72745619
0.80617043
0.60829083
0.63138264
0.87188359
-5.8054464
0.63326153
0.68249389
0.56403535
0.84670831
0.42345762
0.60688066
0.37819396
0.85639225
0.7404698
0.4745149
0.24985076
0.38079126
0.55488396
0.592749
0.62075798
0.36363849
0.22886853
0.74497466
0.47501424
0.4597169
0.68035812
0.78927193
-1.4305851
-0.090136158
0.69846926
0.71818521
0.36744978
0.93952525
0.95287793
0.69856576
-0.51475015
0.85523549
0.48945203
0.79012008
0.68780855
0.61636206
-0.70124192
-0.4358358
-4.9924432
0.68720026
-1.8476197
0.1742944
-2.5094607
0.35865293
-0.11717346
0.18710807
0.84742848
0.014757788
0.88183013
0.023026776
-0.4491088
-0.89822194
-1.1522567
-5.2362928
-0.71729521
0.96761743
-3.4468884
0.6988005
0.39876714
0.7933128
-2.7007303
1.0511113
-2.8016219
0.66048782
0.31888374
0.78295059
0.079218636
-2.5062798
-0.24081775
-1.9066221
-2.3997511
0.3383058
-1.2643586
-2.1217275
-0.26315868
-3.3782993
0.64326354
0.59669106
0.33340389
0.47929359
-0.99724366
-0.88855653
-0.055203662
-1.1279609
1.2592392
0.40430159
0.33373693
0.68416175
0.11754118
-3.0232759
-1.9488664
0.2783732
-2.679303
-1.389657
-0.78738527
-0.95428036
-4.4382194
1.1357841
0.24313791
-1.4302471
0.37471098
0.60171031
0.46903225
-0.77120009
0.45425468
0.13704104
-1.3410507
0.54203193
0.10168868
0.53691223
-1.2088518
-0.31510687
0.57832415
-0.47748919
0.81083257
0.87608979
0.56354598
0.2992519
1.0504307
-0.32388358
-0.23820533
-2.1198477
-1.8579167
-0.32574006
-0.82373429
0.3142387
0.89027402
-0.0091897255
-0.32568255
0.011401565
-0.88459802
1.0683373
0.11740257
0.63843732
-0.25940613
-0.19784554
-1.2383205
0.95410833
0.84627475
0.90838318
-0.21429036
0.68331945
-0.2836265
1.606722
1.325071
0.47747038
0.18279914
0.73622127
0.5202542
-0.39631382
-0.48940282
0.61251726
1.1460305
1.0151375
0.38847535
-0.61751681
0.053925918
0.13820667
0.81838092
0.44537897
-1.3297076
0.72822169
0.51703612
0.49212812
0.44443916
0.25779288
-0.57574885
-4.5664095
0.7129201
0.79420498
0.41667934
-0.044275721
-1.6572718
0.33467107
-2.1195313
0.2045306
-0.073794045
0.31556097
-0.17545701
-0.65569315
0.89327076
-0.078984991
0.17029912
0.59191769
-0.68896631
0.7867522
0.63388622
0.59444056
0.1604187
0.78560852
1.1141296
0.62231513
0.6078574
0.60046976
-0.051372725
0.60467761
-0.19395491
-1.1881627
-1.9121529
-2.1830543
0.10810015
0.23946694
1.4001789
0.90459172
-0.65018924
0.65499155
-1.0608856
0.81100682
0.55554779
-0.76643898
-0.035104354
-3.5637116
-3.9985976
0.090322881
-2.2681261
-2.8899497
-4.2549154
-1.5990572
-0.50545525
1.5188037
-6.948178
0.9121192
0.20152381
-1.3187568
-0.17361427
-0.47584313
-1.4945206
0.24632513
-6.3067433
0.67184134
-0.97939984
1.2934312
0.44967595
0.25707214
0.70548186
-1.6106116
0.61202223
-0.67008259
-4.4226224
-3.504403
-1.7430402
-5.1094866
-0.9449186
-6.0777394
-3.7540111
-4.7681202
0.62597029
-3.3398026
-3.2285806
-0.10523334
0.017994266
0.84203901
0.51125252
-1.6166027
0.42574082
1.1249747
0.65097714
-1.5835006
0.18908146
0.11448883
0.50191053
-5.3011963
-0.87241304
-6.7764048
-0.80586843
-0.84737783
-5.3475885
-2.4274704
-0.99164608
0.61242869
-0.23773765
-2.7649501
-0.027943354
-1.9666793
0.29001658
-1.4832499
-0.36060689
-1.8382596
-0.47709042
-1.3544688
-0.25369992
-3.3992315
-2.8585098
-2.3775251
-1.0000681
-0.29716513
-0.76463732
-1.6857331
-1.4483462
-0.43853731
-1.2693601
0.22860819
-3.3069481
-0.76160803
-0.081452466
0.029834269
0.073635936
-1.7668967
0.068461729
-0.46900796
-0.48509717
-0.5227463
1.0062725
0.3223445
-1.395622
-0.40345329
0.10791134
-3.5289359
-0.52269698
0.45305417
-8.2851926
0.67369598
-1.0588034
0.66049446
-1.235139
-1.6989837
-2.6512646
-1.2616863
-1.9556275
-0.72880345
0.60163466
0.062905486
0.57711492
-7.6488764
-0.52924908
-0.1336518
-0.98004637
0.010491457
0.17814653
-1.8135828
0.3451799
0.28491604
-0.50041753
-0.81876218
-0.12884377
0.79656145
-5.2234137
0.87016151
-0.77470463
-5.5148219
0.93196364
-3.146431
1.148162
-1.179708
-0.36535392
-1.1807442
0.24977107
-0.11781929
-1.6857113
-1.1964668
0.38046467
0.71905623
0.18674851
0.6392195
-0.89806831
0.19798165
0.40500849
0.53082908
-1.3618283
-0.60149229
0.80911629
1.4048196
1.1177966
0.40851274
0.94732632
-1.6770819
0.076387175
0.045941783
-4.9926944
-0.88779756
-0.054176966
0.82600161
0.37235421
0.2381198
-0.63159302
0.91110274
-1.2326138
-1.7119344
-0.38465393
-0.93377381
-3.7701257
0.59448317
0.1744378
0.35884345
-0.55444849
-6.7006093
-3.6516033
-0.53714037
-0.20123197
0.20456677
-7.703972
0.37021569
0.32032718
0.04409084
1.2310532
-1.8274818
0.0084585646
-0.67902049
0.71933578
1.2022653
0.032833519
-0.69480949
0.66664513
0.49416604
0.074538448
-0.22625049
0.33953519
0.58964295
0.58872172
0.51168091
-0.22037953
-1.3917836
-0.38978941
0.20467744
-1.9829068
-0.35448123
0.36240682
-0.25558065
0.70946527
0.16726386
0.53305336
-4.1253197
0.86145299
-1.2793272
-0.22153864
0.30392816
0.13013397
-0.99559081
0.89943144
1.1199656
-0.34643191
-0.42192452
0.54686457
0.5957527
-0.73052775
0.26042278
0.76706252
1.3606481
0.89522576
-3.6380049
-1.5623219
0.90233229
0.41721812
-6.6421058
-0.71695891
-0.34906694
1.7237625
-2.0675902
0.33396623
-0.71179984
0.2012247
-0.059870338
0.031937875
0.13026964
0.63068072
-0.67497596
0.36067227
0.4247056
1.2025821
0.55202128
-0.37007044
0.30542574
0.81797859
1.2155214
0.51801586
1.4943234
-0.067013234
-1.7774195
0.72746915
0.76189814
-0.12718756
-0.50617616
-0.20537451
1.937064
1.1252731
-0.20768696
0.89764443
0.630443
0.045198685
0.91372906
0.26192102
-0.65667496
1.6262745
-0.86880789
-1.6210027
-1.6521365
1.570513
-0.6082309
0.050706887
-2.1618455
1.8748651
-0.60805845
0.56135182
-1.7240839
1.059842
0.29365766
0.94577242
1.6587391
0.19620019
0.89498711
0.3530093
-2.0734189
-1.2066899
1.2647849
0.79569957
1.4930014
0.27584304
-0.14735028
-0.0034442619
0.87441536
0.24831626
-2.1820608
0.23888561
-2.5996911
0.019401861
1.7560552
-0.012718351
0.74937323
0.68947304
0.26700234
0.74852603
-0.51450061
0.3832355
0.76443802
0.38516
0.17708741
0.25875184
0.064391076
0.68720853
0.67480067
-1.2389427
-1.1670838
-0.25360188
0.88579997
-1.5214157
-0.4080418
-2.9814932
1.2494928
0.12866712
0.39442144
-4.5217073
-0.04442797
-0.44397871
0.82249806
1.3720325
-1.2271247
-2.0867764
0.27977446
0.82213507
1.0112975
-0.68648026
1.5059754
0.13749638
-1.1945922
0.44542723
0.032216488
-1.1357651
-1.7112548
0.54175427
1.2589933
1.0059136
-0.16813704
0.2109109
0.79568932
-4.5892098
0.43187029
0.52707943
-3.054922
1.3534238
0.73997456
-1.2834177
-2.5162742
0.34967519
1.0877868
-0.67970647
-5.3724011
-1.0164814
-0.8342238
0.8432893
-0.80680551
-0.084613418
0.37242163
0.91245709
-0.47536462
0.49532057
0.29814204
-1.0903459
0.76001326
-1.2960964
1.6616179
0.2864317
-1.947162
-0.12110986
0.29043631
0.9175279
0.1661452
1.1529547
0.28664063
0.82141142
0.9577531
-6.2916756
-5.1254192
0.64435561
-3.0493419
0.58761096
-0.96649334
0.39113804
0.89914858
0.24353996
1.2275965
0.25313343
0.92692145
0.94312652
0.32780513
-0.4162025
0.57897273
-5.9156208
-3.631193
-0.49129017
1.3715716
-1.0172429
-1.4947122
0.70574426
0.41540644
1.1454076
1.1345608
-0.47914888
-4.6498027
0.083715744
0.57691981
1.6425861
0.80269066
-0.32832789
0.66269063
0.47341839
1.0654103
0.98316023
0.9461867
2.4086087
0.83487239
0.28549264
-0.26865866
0.70975359
0.65439785
0.24370966
0.51763506
-0.89072002
0.78953419
-0.14064117
0.17711484
0.1684446
1.1441035
1.0975151
0.14079699
0.15730587
0.73312348
0.37242822
0.18434763
0.22799863
0.44598816
0.8843852
-0.31370744
-0.28633823
1.4224174
0.20302533
0.69398612
0.44867175
0.26402742
0.89451798
0.69528598
0.14625599
0.051700379
-0.36375015
1.8057588
-0.3418919
0.86111676
1.3950704
-1.1935685
0.65115997
0.97017542
-0.229592
0.95331167
-1.3455115
-0.25466134
-0.49292699
-1.9488628
0.015028362
-1.3331663
-0.019147242
0.66231184
-0.15610934
-0.78952617
0.82906317
1.8123757
-0.76202504
0.18337722
0.52678418
0.87371987
-1.2207329
1.1684171
0.87801342
0.54090286
-0.44477538
-0.069320534
-0.54650429
0.34053429
0.67575033
0.43968677
0.41774851
1.0947283
-0.96665437
0.58477559
-1.458179
-0.16321498
0.34284908
0.13551732
-0.19011963
-1.1793514
0.18213295
0.19605622
1.0546189
-0.20597985
0.70574325
-1.8631072
-0.68997549
0.88400919
-0.44773689
-1.4798969
-0.96699013
0.082000848
0.35075443
0.29957131
-1.4878777
0.45635444
-1.0002811
-1.9000837
-0.11886547
0.02632055
-0.79926884
-0.30390629
0.22244742
1.4333794
-0.13717728
-0.35819914
1.2672525
-0.8210904
0.52570602
0.64952649
-0.47654517
-1.2170837
0.43486492
-1.1633017
0.23163956
-0.15461665
0.60492988
0.81657003
0.16362092
-0.50900852
0.40508723
0.50117867
-1.1700162
0.26858694
0.32133871
-0.1280044
-0.38661311
-0.22736555
-0.76608444
-0.40082955
0.49536629
1.1564392
0.17856058
-0.81940312
-0.94576585
0.55465465
-3.8342713
0.88576325
-0.23867789
-1.1019189
0.35445673
-0.59475879
-1.3289979
1.2349266
0.8059892
1.886409
-0.5284983
-0.11017183
-1.6931126
0.20166091
0.64580993
0.96298572
0.043025807
-2.0995576
-0.76700031
-0.91199468
0.43368652
-0.81845955
1.1459646
0.82376948
-0.17240083
-0.42020626
0.15147295
0.10241019
-1.1328577
0.52266621
-0.18024413
0.78446117
0.6013818
0.65733513
0.53626105
-0.17842869
-0.02644366
0.16720874
0.019829637
0.90461455
0.35823159
-0.036735009
-0.47746682
0.89476092
-0.61786205
0.29927074
0.083372812
-1.5291524
-0.44994219
0.77676741
-0.89066676
0.23194794
0.16944347
0.20457763
0.59373253
-0.48497902
-1.2727713
-1.6009212
-0.090123386
-1.4686648
-0.71092242
1.1598511
-0.92808411
-1.7977199
-0.89630518
-0.35438087
0.31541124
0.93432735
-0.38495672
0.3675873
0.7026369
-0.67657447
0.90017977
-0.53786522
-0.47686369
1.8126071
-0.50157157
0.4434924
-1.5313642
-1.4017854
-0.10788229
-0.63997039
0.32443781
-1.1537358
0.23741944
-2.0446223
-0.066455511
-0.78676876
0.19379139
-1.4036247
0.358969
-0.44238368
-0.13885015
0.94395774
0.11593921
1.0023476
-1.6483116
0.8466376
-1.1597172
-0.59123671
0.5052486
0.48706367
-0.33241627
0.42186576
-1.2900383
0.60358355
0.78011183
1.4516283
1.1326351
-3.4703262
0.71993059
0.99743934
-1.0671049
0.010554382
-0.13144852
-0.86906865
0.5530576
0.71181503
-1.7540592
-0.65232522
-0.20382356
-2.1148913
0.31782649
-0.10455895
0.77993046
1.0008643
-1.2254993
-0.99984211
-0.47893851
0.35990443
-0.75966994
0.59648667
-0.35129111
-0.46175344
-0.3717264
-0.1821735
0.78288893
-0.10905446
-0.96108359
-0.31631659
0.62473783
-0.057708723
-0.67841456
-0.863396
-0.41086259
0.53327198
-0.1127047
-0.48425829
-0.56342947
0.65390648
-0.15619732
0.98388934
0.34844242
0.20429664
-0.63749664
0.58239524
-2.0456544
-0.72567155
-0.73214188
0.47140219
-0.081054248
-0.20235566
-0.15549644
0.54000311
-1.2900904
-0.13571476
0.08264186
0.45895891
-0.17634688
-0.71980331
0.7680848
-1.2763567
-0.39252672
-0.56782632
-0.94283496
0.11419174
-0.02054247
-2.79739
-1.4148308
-0.15006451
0.37365178
-1.4536576
-0.53690394
0.4725305
-1.0636326
-0.75787338
1.1066846
0.34669657
-0.99967016
0.29861466
-0.1964826
-0.45339773
1.2329731
-0.10068042
-0.19811748
0.66168001
-0.28168512
-1.1361062
-0.51867593
0.91626264
1.0896059
-1.2720747
-1.1545146
0.30763336
-1.0510288
0.36661004
0.29671559
-0.29181676
-0.034001642
-0.80132831
1.0549847
0.63084571
1.1896246
1.0157707
-0.2930829
-3.2501672
0.54780536
-0.58295236
0.30352225
1.3662923
-1.7024396
0.50628642
0.72068933
0.044513194
0.41477296
-0.1457197
0.26337118
0.27035587
0.63059834
1.1306327
-1.3966172
-1.000266
0.51082634
0.552992
-0.36939856
-1.9303836
0.2381424
-0.34405697
0.87532433
0.16120013
-1.7106574
-0.2453158
0.74929552
-0.59008091
0.64339239
-1.2017917
-1.7928122
-0.69600011
-0.0078822044
-0.82430596
0.80713145
1.6105369
1.7068462
0.75950358
0.11167572
-0.48086048
-0.946551
0.56527644
1.0210474
0.90845132
0.31448713
0.13682149
-0.57418181
0.67059755
-0.029348421
0.45320385
0.29994905
0.046070939
-1.4726558
-0.097987501
1.0965964
0.23831682
0.14359243
-0.72310972
-0.46234668
-0.51044301
0.6031049
0.87276589
-1.0706138
-0.33650745
1.4973636
0.56488579
-0.6353254
-0.10410801
0.34708018
-0.13822742
0.61832284
-1.4700992
-1.9641967
0.66838708
1.2583635
0.53152524
-0.41630915
0.35075822
-0.51279913
-0.25338212
0.55669022
0.34566632
0.44249994
-0.046647046
-1.247908
0.22234679
0.23448775
1.463322
-0.87856636
0.20034119
0.75415899
-3.847551
0.60670905
-0.44705066
-0.13754413
-0.012977119
0.69982305
-0.074957141
0.51336946
-0.086762697
-1.3226319
-0.78133893
0.0014410368
-0.67951696
0.048583491
-1.3324761
-0.21659164
1.1789057
0.87340934
-0.1657505
0.063551514
-0.26101885
-1.2070313
0.41787742
0.50654141
-2.1425711
0.92860305
0.1959681
0.6347532
-1.3105114
0.17349607
0.24822369
-0.080693386
-0.34150218
0.79719434
-0.7661409
0.53450616
0.021150065
-0.3064167
-1.0368722
-0.75779257
-0.58117659
-0.6484425
0.69280277
-2.0339753
-0.18706721
1.9079758
0.29928721
1.3315675
