0.043147773
-0.24960043
-0.24900342
-0.34066816
-0.07131497
-0.2341124
-0.38842812
-0.49510434
-0.98443321
1.1169868
0.80485028
0.77213899
1.0525448
0.86529247
0.66747291
1.1846708
0.91420328
0.95224504
1.1808404
1.1023592
-0.70329577
-0.19792582
-0.62782734
0.73332167
-0.11345344
0.57821312
0.78743267
0.51385011
-0.38355878
0.60558748
-0.12110158
0.0073441852
1.053022
1.2218226
-1.0447185
0.89667126
0.97139781
-0.824713
0.65579772
-0.268852
-0.8603524
0.67524997
1.465385
0.91162123
-0.12695038
1.3880659
-1.0326281
-0.52140817
-0.57398979
1.2542881
1.2243252
-0.65265344
1.3715625
-0.45840454
1.5583126
0.85891867
-0.57822808
0.87631665
0.74250923
-0.47427904
-0.35013051
0.95709723
1.0311938
-0.38479029
0.54217852
1.291441
0.60927762
1.0392145
0.42742792
1.3280788
1.1519176
1.0184154
1.1188082
-1.0084441
0.85911577
0.59994764
-0.19727603
-1.0299901
1.2995007
0.8570761
0.98895312
0.61965207
0.99827446
0.52257685
1.0494058
1.0632151
1.2633359
0.55512953
-1.0512685
-0.55794332
-0.73430273
0.67593065
0.86843745
0.57930118
0.82960007
0.76755416
-0.19758606
-0.7457199
-0.65854045
-0.3133671
1.051758
-0.68526013
-0.36393102
-0.17785002
1.3208987
1.2605361
1.0628241
1.4042555
-0.53103479
1.2779186
-0.058025463
-0.50349748
0.58179276
1.2309112
0.5528865
0.70187803
1.195837
-1.0411569
1.4879998
0.7186827
0.64237742
0.84978068
0.82679697
0.6940489
0.84867406
0.66364898
0.89661864
0.91991343
0.77744564
-0.56426961
-0.99554253
1.177925
0.91153182
1.0889403
1.0379923
1.0835402
0.59269139
0.91363157
0.71780534
1.1669194
0.40410351
0.51222754
0.31300566
-0.7725311
1.1333777
0.59385499
0.74552796
-0.095543062
-0.50266212
0.65846033
1.1646214
1.1477912
1.0192628
0.8823293
0.49291583
0.30810225
1.0822241
0.90174352
-0.32493739
-0.8416097
-0.3921143
0.67158607
0.73272037
1.2150521
-0.42977455
-0.90397915
0.91101209
0.91084664
0.4180547
-0.25962059
0.89572648
1.0482356
-0.14265937
-0.15269193
-0.27858408
1.3710942
-0.69804139
-0.55561927
-0.41640988
-0.66466059
-0.15649538
-0.22229073
-0.0026069171
-0.34702454
-0.32905585
-0.93283285
0.046133707
0.0033902589
-0.78257589
-0.57684539
-0.83513464
-1.0087111
-0.23299155
-0.17054528
-1.0932701
-0.64549262
-0.27793952
-0.33651041
-0.33125139
-0.049729042
-0.71000719
-0.22265253
-0.43454882
0.18800566
-0.18941185
-0.36367412
-0.61887837
-0.32573902
-0.83950121
-0.36983595
-0.18039667
0.013571613
-0.80647331
-0.73508588
-0.3306353
-0.6511561
-0.62680357
-0.033670876
-0.96114548
-0.52585887
0.02360407
0.012496668
-0.39301229
-0.061302847
-0.19415849
-0.45011749
-0.6184152
-0.35703621
-0.24657873
-0.14799559
-0.041344332
-0.55195593
-0.43162136
-0.17643664
-0.77058799
-0.78226445
-0.096697323
-1.0055814
-0.68912815
-0.64957712
-0.60758741
-0.79957965
-0.40784681
-0.44385512
-0.42293018
-0.44630367
-0.44335951
-0.41182372
-0.22639372
-0.31864144
-0.42850895
-0.029189946
0.34195456
-0.80669874
0.030229979
-0.0082644392
-0.47178671
-0.91607264
0.062497452
-0.7379733
-0.35163551
-0.79772963
-0.21030632
-0.43104818
-0.64623892
-0.019847079
-0.30583224
0.12479788
-0.22333775
0.011680461
-0.68528363
-0.66145041
-0.33252235
-0.19977049
0.49807058
-0.8365038
-0.35427009
-0.42330984
-0.098385739
-0.45919285
-0.38221497
-0.74039856
-0.80368938
-0.70018002
-0.027446967
-0.64323518
-0.67173223
-0.80298304
-0.047012792
-0.44006022
-0.87959827
-0.20539111
-0.41381655
-0.14174733
0.14464424
-0.12324604
-0.54866349
-0.54462966
-0.39066718
-0.66726756
-0.12676053
0.29706367
-0.15299897
-0.69214308
-0.54888235
-0.28459017
-0.46029165
-0.84273859
-0.57834124
0.30500605
-0.77193452
-0.57721007
-0.31367338
-0.39577289
-0.92380304
-0.89429895
-0.82125893
-0.49712417
0.29465504
-0.054753321
-0.29132777
-0.82365424
-0.12624177
-0.089517222
-0.343951
-0.011868513
-0.89628701
-0.32223321
0.021387987
-0.35785853
-0.39054121
-0.7462337
0.012048526
-0.28826692
-0.23039066
-0.43968982
-0.37448281
-0.40388968
-0.64929717
-0.15048023
-0.25545245
0.19033279
-0.6008157
-0.49244623
-0.11267329
-0.83507285
-0.781175
0.23515446
-0.38618626
-1.0495026
-0.20244901
-0.64890699
-0.26659069
-0.15220427
0.45032504
0.065864009
-0.057950555
-0.73771708
-0.12664435
-0.8523056
-0.44276484
-0.32637273
-0.71238135
0.086489743
-0.2557886
0.57023811
-0.12267695
-0.68937371
0.13209449
-0.40057846
-0.26309217
-1.1280997
-0.21934793
-0.53340679
-0.7850903
-0.17336229
-0.11596994
-0.18160759
-0.8659265
-0.046207848
-0.38872148
-0.50733863
-0.67206347
-0.27679207
-0.6750754
-1.0106824
-0.90885954
-0.17324454
-0.35541445
0.013334355
-0.061016498
-0.058638441
-0.32564666
-0.40252456
-0.60454395
0.036888846
