-0.26922296
-0.88487945
-1.4222055
-0.17708891
-1.4229538
-0.46994707
-0.084338055
-0.72163949
-0.4173092
-1.672194
-0.088293297
-1.5508635
-0.084016113
-0.69393223
0.77612656
-0.76829912
-0.71489965
-1.1203407
-0.44584008
-1.1430172
-0.4650243
0.12755129
0.0082564733
-0.52927468
-0.44952903
1.6268891
-2.358109
1.2746468
1.9774576
-1.4556438
-3.001356
1.1248387
-2.9315518
0.94068168
0.021774875
-0.8412407
-1.1303736
2.5204043
1.9436884
0.77823937
2.0125374
-1.5387219
0.6529865
2.1526278
-1.7474592
1.770699
-1.3275056
-1.8155107
1.9774337
-0.87214329
-0.51992036
-0.89130027
-0.60524844
-1.2735316
-1.2639161
-1.5249258
0.55046043
-0.31817378
-0.30329849
-1.0116816
-0.73004363
-1.1881223
-1.3348259
-0.03756434
0.089996788
-0.65642433
-2.2909665
-0.34420048
-0.86953978
-1.3106487
-2.0808289
-2.8155339
-0.50620421
0.8415192
-0.75645573
0.8111117
-0.40128762
-0.32018653
1.1645499
-0.040125132
-2.0395168
-1.9518979
1.3952284
2.2986045
1.5504367
0.3618176
-0.61258215
-1.7265635
-0.50801628
0.53160017
-1.7429907
-4.5016408
0.025366847
-0.36607397
-2.8735782
0.36123356
-2.005073
-0.98326124
-2.2989258
-1.1002271
-1.8640982
-0.86338106
-1.9361804
-1.4343244
-1.4308453
-1.9109262
-0.14713562
-1.6754111
-2.2009507
-3.9986444
-2.9727772
-0.70031175
-1.7034558
-1.6677584
-2.220149
-1.1541774
-3.0087049
-0.31392461
-3.3805954
-1.7147761
-3.347272
-0.86140646
-0.82783114
-1.978547
-1.572011
-0.97761158
-2.9038486
-0.95795598
-2.0635387
-3.3234025
-0.74421247
-2.3611438
-2.5681188
-1.7057882
-1.0400677
-2.6809195
-1.6771064
0.16714934
-4.5397344
-2.1117335
-1.7687688
-1.2562185
-3.1250631
-3.1777882
-2.0521377
-2.8686834
0.1798879
-1.1825784
-1.7861339
-2.1374335
-2.0551994
-3.2730811
-0.020030457
-1.8239774
-0.0090336355
-2.177924
-0.99219799
-3.6705493
-2.1329703
0.31195585
-0.87715754
-2.8826653
-1.7133435
-0.48001545
-2.6004937
-2.9704961
-2.1862413
-3.0371092
-3.2360374
-1.6225349
-1.351738
-2.5863987
-0.87293013
-2.0454906
-2.1732119
-4.1126784
-0.44217832
-2.888679
-0.31774565
-4.776435
1.3441371
-1.7631847
-1.9431167
-1.1068167
-0.7908175
-1.9611905
-1.6420247
-0.75893554
-2.5357596
-0.44717864
-0.019024977
-1.164167
-4.3288999
-3.069432
-1.7454137
-1.7643469
-0.62816381
-4.3027948
-0.72445225
-2.7270472
-1.7732867
-3.2359465
-1.4700836
-2.1823927
-1.6601985
-4.1297437
-2.6518592
-2.2783981
-2.7153808
-2.0101419
-1.227057
-1.5100881
-2.2310972
-3.0970379
-2.5976448
-5.7443749
-2.6820417
-2.0726445
0.17086766
-1.6579007
-1.6397567
-0.14761585
-3.7835519
-4.1813016
-3.5956884
-0.91735971
-3.0599648
-3.3630794
-0.32799756
-3.6439096
-2.692241
-1.1924228
0.41286105
-2.7318766
-1.2621507
-0.35647316
-1.4906821
-1.0454185
-0.65819166
-0.73438998
-0.20355071
-1.2096313
-4.6604415
-2.7032644
-1.8988004
-0.10143291
-0.52305895
-2.507489
-0.16906931
-1.5833233
-0.61477644
-0.66390816
-0.45933457
-3.1965093
-0.39572789
-4.2462461
-0.68035446
-2.00905
-0.48046827
-0.6924545
-2.8055864
-1.8323119
-0.89920817
-0.091823337
-2.7190282
-2.1574619
-0.54265974
-0.34177058
-1.9858155
-1.2078252
-0.60998337
-4.1947006
-4.4553968
-0.10156662
0.22833832
-1.14798
0.028720823
-1.4776592
0.33785131
-2.3984216
-0.5633465
-1.2459344
-2.2147637
-1.5301426
-4.3046847
-0.45678838
-5.1488659
-4.0097372
-3.6262563
-0.85131354
-0.071045791
0.2887886
0.40504486
-5.1779055
-0.8093681
-4.7406156
-3.0776491
-1.2318342
-0.3361898
-0.072071455
-2.1226703
-0.79731469
-2.8860725
-1.8592115
-2.0214492
0.078234958
-1.4991587
-3.1779113
-2.4797749
-1.2205472
-2.7084285
-1.7606763
-2.0003775
-1.7938226
-1.842728
-0.17346468
-1.5461761
0.20166614
-0.76297907
-1.1260136
-3.2816008
-1.634724
-2.3951322
-1.5358039
-0.3960521
0.18939525
-1.3994034
0.47898123
-0.96991772
-0.20243964
0.30020629
-1.869733
0.17700211
0.13112953
-2.2885517
-1.8262111
-1.7430466
-3.1352943
-3.0754625
-2.3687442
-1.8717907
0.25498926
-0.96295514
-1.2959403
-2.234949
-4.013526
-0.87431024
-0.74732713
-2.4545531
-1.6714742
-4.0865538
-0.36342995
-2.9927191
-1.7705347
-4.0166022
0.57114333
-1.4366542
0.078842109
-1.3021188
-1.3706185
-1.8284184
-3.6156768
-0.76524565
-3.4930502
-2.3151339
-2.0758512
-2.6089138
-0.50500129
-2.1146218
-0.043064857
-0.59135316
-2.0286321
-3.4259999
-0.34360533
-1.571221
-2.362397
-3.3881884
-1.245647
-0.61756634
-2.4123009
-1.3857404
-1.5334833
-1.3598395
-1.2717824
-1.6903343
-1.0230114
-2.1433101
-1.4017853
-1.9387574
-4.3411486
-1.6709553
0.46040143
-2.1054909
-1.3987751
-1.3211477
0.074612538
-0.95782884
-2.0869274
-2.6001933
-2.2743548
-2.1807251
-3.6597796
-2.4276147
-1.6339303
-1.6825631
-0.19390448
-2.3467826
-3.1324197
-3.1971253
-2.531245
-1.7557169
-2.2940111
-1.3449921
-1.7464515
-2.5862176
0.59595376
-1.2118538
-2.0518677
0.44912221
-2.7088511
-3.2356886
-1.7901632
-2.6267967
-2.0044084
-4.0923991
-0.84369663
-0.54735601
0.73031528
-0.34200732
-1.4360174
-0.54298892
-0.83330883
-3.8560485
-0.91278498
-3.2370419
-2.785848
-2.5369085
-0.75378728
-2.3269812
-4.2004697
-2.2907721
-1.4824885
-0.33766433
-1.3769591
-1.312211
-1.8773405
-0.21110992
-0.17274893
-2.4896759
-0.47627375
-4.4661373
-1.0614603
-1.8091168
-1.3505027
-2.2087269
-0.29098778
0.27110168
-2.3322765
-1.6064581
-2.362403
-1.972009
-2.9949203
-1.9801456
-1.7780448
-0.99994002
0.42967343
-0.53715878
-2.936239
-1.9493547
-1.5715335
-2.7687111
-2.4163294
-2.129742
-1.7320059
-2.042007
-1.0652843
1.269226
0.12989558
-0.81356926
-1.776342
-2.370383
-1.6275856
-0.44221023
-2.0700543
-1.5676714
-1.6128663
-2.6517667
-3.0952984
-2.7524962
-1.1812379
-2.9330862
-2.6776107
-2.3518647
-1.2924006
-1.4982529
-1.254902
-1.5481482
-2.2033658
-2.6400765
-3.2196092
0.23998346
-2.6431698
-0.70034777
-2.0822162
-0.59836471
-2.8816466
-0.056402417
-1.8206656
-4.7068949
-1.0376269
-2.1237549
0.46013994
-2.6880804
-3.4977819
-0.24046767
-2.1511419
-1.0462948
-1.8186836
-0.78472598
-3.702264
-1.9703884
-0.089717332
-0.20432335
0.42672051
-1.8326913
-0.082399393
-1.697292
-1.9303853
-2.6624439
-1.6655366
-2.5579447
2.8176888
-2.4243819
-1.3249538
-3.1668759
-0.28560873
-3.4404129
-1.6013171
-0.82410739
-0.60662745
-2.8794453
-2.6766597
-2.3781844
-2.5634899
-0.41093914
-0.75931919
-1.7602455
-1.26037
-1.5992621
-1.8450157
-1.5119546
-1.7210568
-2.811854
-0.71167585
-1.7515388
-1.0699475
-2.6991352
-0.62576338
-2.9591414
-2.4621818
-2.3192723
-2.7414391
-2.2214795
-1.371366
-2.8130416
-0.21430395
-0.38054684
-2.1100752
-1.3133133
-2.3495732
-4.0456182
-1.4715761
1.1899463
-0.066942092
-1.6319166
-3.4672923
-1.1471959
-1.0716765
-0.62671625
-0.22548103
-2.1550289
-4.0309124
-0.94441422
-1.157057
-1.2897509
-3.1096688
-1.1093976
-1.1990143
-0.33754767
-1.9030929
-1.0538811
-1.2731888
-0.44345057
-1.0267874
-1.6535212
-2.9179578
-1.1347467
-2.8413421
-3.6394591
-0.7224313
-2.5640201
-2.2441252
-1.2867108
-1.7998299
-2.5093058
-0.49011635
-1.9699713
-2.714288
-0.022766595
-2.6869292
-1.6706386
-2.4261901
-0.045125784
-1.6349963
-1.3475107
-1.43471
-2.3533277
-2.4042983
-0.33470424
-1.8488849
-0.9590738
-3.3146424
-1.7347299
-1.407187
-1.4447815
-1.4351839
-2.0966808
0.10311294
-2.4250229
-2.1215364
-0.70166665
-1.0688726
-1.9223067
-2.0430952
-2.4787255
-0.96060675
-0.40432044
-2.2737581
-1.7823076
-2.5607866
-2.4180701
-1.4273659
-0.83733968
-0.96387158
-3.0423388
-3.5346373
-0.094042087
-0.28942828
-2.1267563
-1.29382
-2.3405805
-2.610614
-1.9077734
-1.5311369
-0.73085408
-2.4984066
-0.84881071
-3.0420385
-1.9729976
-0.67633464
-2.3747377
-2.5293451
-1.9218615
-0.41312274
-0.28250431
-1.7762637
-0.72689074
-2.6684071
-1.087655
-1.2276249
-1.0590259
-2.6076449
0.55382166
-0.6553356
0.69757934
-1.2701019
-0.36465104
-2.7476019
-1.7801344
-0.92082242
-2.8682705
-3.0855556
-1.8832147
-0.4432435
-2.1610408
-1.5244489
-3.6597488
-0.62739687
-2.3341468
-3.4715095
-1.1867191
0.025597504
-0.23793698
-3.3628558
-2.9051291
-0.98543711
-0.01274988
-0.59738383
0.51681052
-1.2117253
-2.5134272
-1.8350464
-3.4143877
-0.35967629
-0.049225723
-0.51479482
-0.86559688
-0.28745705
-1.3737448
-0.95976232
-2.1024118
-3.0017036
-1.5334687
-1.7915561
-0.8324832
-2.4597813
-3.2082783
-1.124763
-0.38443736
-1.9490986
-2.1524403
-2.1221561
-0.6742441
-1.2546477
-2.5525427
-1.0519444
-1.2465621
-1.7617929
0.38422575
-3.9667075
-1.5422408
-0.83935921
-2.0467693
-1.2661567
-1.0901499
-1.9565323
-1.8325471
-0.29410532
-2.5287625
-1.2719857
-1.3577217
-1.4536683
-1.2554258
0.12052487
-1.7643257
-2.0685353
-2.839632
-1.7641602
-1.6570179
0.7590676
-1.6298881
1.2105006
-2.0752638
-1.4192632
-3.2520556
-2.9069414
-2.2295658
-1.5333855
-2.6854714
-0.1513263
-1.3991118
-1.1107909
-3.3450299
-0.4996082
-0.95183645
0.19684265
-3.1330107
-0.66728395
-1.2932631
-0.56637067
-0.75427113
-1.4170494
1.2674872
0.19534268
0.20642756
-0.74706291
-2.0731808
-2.6033659
-0.5194806
0.5655584
-0.69835486
-1.4197377
-1.5615656
-0.47083705
-0.8429947
-0.83598468
-2.1335573
-2.7282713
-1.0883707
-0.10254001
-0.36319767
-2.2665692
0.13537638
-3.0692006
0.078508184
-3.0244342
-0.66413688
-1.3271634
-1.8692514
-1.4328162
-1.3151893
-2.149784
-1.5188945
-0.50682422
-2.6215424
0.0060639999
0.83757478
-2.1216611
-1.0134263
-2.7955209
-2.0357485
-0.31320466
-2.9753441
-1.8416946
-1.6106815
-0.19447719
-1.5276139
-2.3319533
-0.47127598
-0.12531855
-2.3732331
-2.9049475
-1.88894
-0.52961153
-0.23193272
-0.6598386
-1.8798132
-3.4806316
-2.65309
-2.4209256
0.19953678
1.431751
-2.4979349
-3.0171756
-2.7981808
-0.30480194
-2.310035
-0.022221229
-1.5848836
-2.5014751
-1.579906
-0.89142071
-2.0592904
-1.260724
-0.76341616
-0.99327185
-1.5274406
-1.2828592
0.38037624
-1.4723817
-2.9674477
-1.7919282
-0.059129579
-1.6416596
-2.1834776
-1.8573533
-0.69320068
-2.1816863
-0.49008081
-1.4980966
-2.5026716
0.16047738
-0.53737152
-0.18734158
-0.7095778
-0.8954458
-1.7827831
-0.74206135
-2.777704
-0.91483947
-1.6091249
-2.8105445
-2.5695167
-3.3252195
-1.7564769
-3.1759935
0.9169393
-4.138702
-2.0169762
-1.9628865
-1.1354212
-1.4137023
0.90546173
-0.067814321
-2.4358609
-1.662961
-1.1996308
-0.61870688
-2.5307246
-1.3904308
-0.57950014
0.018738278
-2.2197714
-1.8502836
-2.7481681
-1.4394041
-1.3790678
0.38018446
-0.30530295
-0.93185386
-1.1034517
0.85208303
0.67239666
-2.0638417
-1.3296121
-1.2448411
-2.0608083
0.7900292
0.096317452
-1.4563929
0.58214895
-0.70913951
-2.6113497
-1.6309891
-2.6246003
-0.86134319
-2.6015334
1.0842449
-3.187089
-4.3271234
-2.1553863
1.3713946
-1.1769102
-2.4442126
-1.0764195
-1.6734314
-0.77894251
-0.42561144
-1.107561
-0.52304425
-1.6872849
-0.82637834
-0.87956279
-1.6307065
-1.9375078
-0.82591174
-0.7723931
-2.5353941
-0.7837153
1.1034523
-1.5061814
0.012919839
-1.3972426
-0.9515598
-1.5869078
1.9836392
-0.94159101
-4.0739251
-1.7027108
-0.35145957
-1.3340701
-1.7715333
-1.8309997
-0.57244597
-2.5903678
-0.94663995
-2.0298032
-2.7137931
-1.6757633
-2.3646328
-2.0079852
-1.1936309
-0.41551334
-3.2040894
-1.5665775
-2.9853092
-2.4689063
-1.1153632
-1.8984864
-2.9864951
-1.6136509
-0.25526486
0.77569647
-1.1121051
-1.3989733
-1.0315123
-2.9364595
0.27599488
-3.0853979
-3.4550155
-2.0692355
-3.3305234
-1.6316052
-1.0833217
-1.3807565
-3.4807652
-3.3490561
0.097926305
-0.95569565
-1.4475146
-2.4860394
-0.55175361
0.97915198
0.17453368
-0.12856034
-2.0488374
0.59774216
-3.0107494
-1.8026585
-2.2909856
-0.77314286
0.21708438
-2.1342658
-0.77141455
-2.2126203
1.3861947
-1.7511753
-0.96896466
-1.2277373
-2.0637689
-0.94355741
-1.6964001
-1.0409294
-1.0757215
1.7162939
1.0715918
-1.9305149
1.2451286
-3.1989584
0.085271373
1.5211364
-2.7773669
-0.43054883
-1.69457
-0.55585013
-0.23721861
-0.83008694
-1.7868785
-0.88542564
-0.90008351
-0.238488
-0.65925091
0.47172236
-1.6012271
-0.54067825
-1.4773712
-0.87907979
-2.724432
-2.8173862
-1.6164957
0.17937266
-1.3836846
0.39080894
-3.6505377
0.061271071
1.0073679
-2.6820075
-2.1699152
1.0850562
-1.4890966
0.52264828
-0.79980711
-1.4376332
-0.58612967
-2.1119072
-2.925127
-3.383516
-1.1779523
0.072731234
-0.39343635
-1.505469
-2.6381573
-3.4036426
-0.74482325
-2.8307928
-2.0834519
-1.3558129
-3.2028733
-0.61512839
-1.1076503
-3.9678465
-1.4493995
-0.9709995
1.1364853
-2.610801
-1.3857319
0.55249639
-2.037626
1.4802172
-0.30607544
-2.0773835
-1.3230936
-0.58965106
0.061396567
-2.2985593
2.4339436
-1.499104
-1.7874019
-1.0121909
-2.8448983
-1.01531
-1.1013657
-0.86926538
-1.7515036
-1.8445992
-1.5575029
-0.97705406
-1.1607671
-1.3859238
-2.0985738
0.77290926
-1.3362965
-0.87933539
0.80062899
-2.7895899
-1.8342318
-1.0391379
-1.5570848
-1.8620734
-0.80728145
0.795609
-2.5090602
-2.8508488
-3.4209152
0.04483993
-1.8726328
-2.9645257
0.039621398
2.0202862
0.54231075
-2.682066
-1.2272838
-0.38217377
-3.5907766
1.3204921
-2.2095524
-0.88888627
-2.6064374
-1.2768026
0.50040886
0.34622758
-0.4458205
-1.0789182
-3.1816391
0.073042881
-0.067452096
-2.6780519
-0.46608315
-2.0923059
-1.7221395
-0.23205634
-3.1156784
-1.4312728
-2.7968369
0.42929613
-0.84579404
-1.5035629
-1.3723229
-2.9617079
-0.30785695
-1.0280042
-0.59269304
-2.8593545
-2.649142
-2.2747625
-2.5873173
-1.4684781
-1.55084
-1.9780038
0.84783939
-0.39386728
0.16887473
1.4031551
-2.8799387
-3.1633893
0.068282601
-1.8082121
0.72407327
-1.2570472
-0.21311389
-2.7949434
0.2139369
0.22273143
0.11541272
-1.8159651
0.33638761
-0.31195552
