0.087282111
-2.0068172
-2.3570863
-1.5110765
-3.1195236
-4.3910432
-2.218403
-2.3024785
-1.722195
-1.5693011
-1.3978744
-1.9892038
-1.2755204
-2.0297734
-2.4498043
-3.325306
-2.0363802
-0.46904251
-1.0315407
0.27880947
-0.70320209
-0.75095267
-0.97367631
-10.522745
-2.0692913
-1.5342789
0.072950023
-1.0764383
-2.0205379
-0.72071552
-0.93359064
-2.1966502
-4.0620227
-1.8661741
-1.8042015
-2.9014631
-3.5841068
-1.9690355
-3.0767877
-1.5916978
-2.8269922
-7.2380664
-1.6775939
-1.4789263
-1.847167
-6.7025212
-1.6939388
-1.7507151
-2.3264182
-2.4472741
-0.93780548
-3.1643614
-1.1174417
-2.9972029
-0.98674948
-0.67938172
-2.4284359
-2.8832784
-3.9685529
-3.4875482
-1.6732836
-0.86635112
-2.3586506
-1.9747205
-0.090259772
-2.7053775
-3.9021151
-0.2888202
-3.7107339
-2.3091209
-1.4516532
-0.116806
-1.7969901
-0.84657991
-2.5211341
-2.7770856
-2.987746
-0.67532429
-3.5155219
-1.0276671
-1.7035617
-0.21509747
-3.2224357
-3.1567984
-3.0693461
-3.6451616
-3.4162836
-4.0173109
-0.084026293
-2.2535125
-0.33446061
-2.8489362
-3.1430939
-1.7885376
-0.33317427
-0.81361579
-4.0150358
-1.1081403
-1.656201
-1.2422528
-0.30769785
-2.1944321
-1.2271496
-3.9325539
-2.7867678
-1.8552261
-2.6642672
-0.80094706
-1.494098
0.14736368
-0.27384388
-1.9647776
-1.3350641
-2.9682766
-2.7043241
-0.87911326
-3.2125777
-6.4771243
-1.2208176
-2.8670792
-2.1163103
-1.993954
-2.8084543
-0.42217593
-3.2867203
-0.76263504
-1.0921716
-0.53218926
-0.22739703
-6.3578301
-4.5731685
-0.34082484
-3.5418405
-2.4293834
-3.6351372
-1.6129293
-1.8219798
-0.58780637
-4.7895063
-1.7939735
-3.5756639
0.32110807
-0.36344235
-2.0425047
-1.4461313
-1.9794589
0.021826578
0.53363623
0.066626867
-1.8302788
-0.57517886
-3.5937845
-3.6599105
-2.9971858
-0.26143132
-0.30437634
-3.0110603
-0.37256
-0.10673437
0.70971005
-3.9995855
-0.82963564
-1.0045344
-0.18686711
-5.6525796
-0.060481719
-1.5488415
-0.44076001
-5.1706382
-0.21035205
-0.65826591
-2.2087773
-1.1556908
-2.8014108
-0.4218767
0.47552962
-2.3448539
0.17001322
0.37432978
-3.3839023
-0.18997273
-1.3788446
-2.4520389
-3.2144324
-1.6061755
-1.468256
-1.783599
-0.12563869
-0.9422384
0.14605861
-5.0780959
-0.046941203
-2.6571797
-3.8779841
-0.34524043
-0.99863296
-5.0192397
-1.9445353
-0.94438907
-0.82183079
0.1983719
0.16536864
-0.83618416
-2.8265515
-1.1847496
-0.37189527
-0.25716528
-0.68016191
-1.5580943
-1.3131347
0.3186826
-0.23639028
0.66701637
-0.50891219
-1.4941327
